3.214509599999981583e+04 5.053701026798629314e-02
3.220471200000031968e+04 5.429604979263613629e-02
3.226519199999987177e+04 4.213109219999378041e-02
3.232480800000036834e+04 2.687513482996983782e-02
3.238528799999992771e+04 2.694379163350468787e-03
3.244490400000043155e+04 -1.657772564945414473e-02
3.250538399999998364e+04 -4.077544570111624189e-02
3.256500000000049477e+04 -5.906484666246947235e-02
3.262461599999976897e+04 -9.736325950355495529e-02
3.268509600000055070e+04 -1.085885392413326045e-01
3.274471199999982491e+04 -1.389059633212912370e-01
3.280519200000059936e+04 -1.411511100664293306e-01
3.286480799999988812e+04 -1.354886886974788762e-01
3.292528799999942567e+04 -1.187548610964137552e-01
3.298490399999994406e+04 -8.211373510844643953e-02
3.304538399999950343e+04 -5.440208919496392070e-02
3.310500000000000000e+04 -2.678339674974972162e-02
3.316461600000049657e+04 7.823737771744276870e-03
3.322509600000005594e+04 1.450003784106490556e-02
3.328471200000057433e+04 4.108304106432014713e-02
3.334519200000011915e+04 6.173428616483622733e-02
3.340480799999938608e+04 5.029202741174065849e-02
3.346528800000017509e+04 6.091707214443564666e-02
3.352490399999944930e+04 2.644842406854897021e-02
3.358538400000023103e+04 5.046126511797366376e-03
3.364499999999950523e+04 -6.450034708558760599e-03
3.370461600000001636e+04 -2.396026978867404900e-02
3.376509599999956845e+04 -2.140560726793983015e-02
3.388519199999961711e+04 -3.642054416705264863e-02
3.394480800000012823e+04 -5.399026906373172174e-02
3.400528799999968032e+04 -6.249708777257856340e-02
3.406490400000018417e+04 -6.709822461110426239e-02
3.412538399999974354e+04 -5.063747185658917793e-02
3.418500000000024738e+04 -4.127112616982508975e-02
3.424461599999952159e+04 -3.692133143604525713e-02
3.430509600000030332e+04 -2.851119388779910224e-02
3.436471199999957753e+04 -1.919556225526486415e-02
3.442519200000035926e+04 -9.820638292188377250e-03
3.448480799999964074e+04 2.545973662947953464e-02
3.454528800000042247e+04 2.679834012914938945e-02
3.460490399999969668e+04 4.304236987070186871e-02
3.466538400000047841e+04 3.234355135068955889e-02
3.472499999999975262e+04 1.255015279493632008e-02
3.478461600000025646e+04 -1.526222584318337461e-02
3.484509599999980856e+04 -6.101908816735956975e-02
3.490471200000031968e+04 -7.387050541935669123e-02
3.496519199999987177e+04 -9.866751504716386734e-02
3.502480800000037561e+04 -1.085590397302722554e-01
3.508528799999992771e+04 -1.063972778974140443e-01
3.514490400000043883e+04 -1.203299727181832424e-01
3.520538399999998364e+04 -1.262105143485987568e-01
3.526500000000049477e+04 -1.331854356804416106e-01
3.532461599999976897e+04 -1.231817087029123403e-01
3.538509600000055070e+04 -9.412754681753310315e-02
3.544471199999982491e+04 -4.916761479170017601e-02
3.550519200000060664e+04 2.084158922402878922e-02
3.556480799999988812e+04 8.875668672233549827e-02
3.562528799999943294e+04 1.847198818139468290e-01
3.568490399999993679e+04 3.095891123401104394e-01
3.574538399999949615e+04 4.485052548062284927e-01
3.580500000000000000e+04 5.843275932806863970e-01
3.586461600000050385e+04 7.201262760218853920e-01
3.592509600000005594e+04 8.309700759570648465e-01
3.598471200000056706e+04 9.007203469879936364e-01
3.604519200000011188e+04 9.635145224574523937e-01
3.610480799999939336e+04 9.922153761249070669e-01
3.616528800000016781e+04 1.019958911032122995e+00
3.622490399999945657e+04 9.646093498885415229e-01
3.628538400000023103e+04 9.083012365858804671e-01
3.634499999999950523e+04 7.649002716356334552e-01
3.640461600000001636e+04 5.884734250452114956e-01
3.646509599999956845e+04 3.950861621251329225e-01
3.652471200000007229e+04 1.386064481226434442e-01
3.658519199999962439e+04 -1.038349399751534730e-01
3.664480800000012823e+04 -3.833684881909489306e-01
3.670528799999967305e+04 -6.958649775760131773e-01
3.676490400000018417e+04 -9.764533174697614948e-01
3.682538399999974354e+04 -1.215005874648453998e+00
3.688500000000024738e+04 -1.456649954088699905e+00
3.694461599999952159e+04 -1.624322051810948020e+00
3.700509600000030332e+04 -1.787960292696268993e+00
3.706471199999957025e+04 -1.831689529862503107e+00
3.712519200000035926e+04 -1.816386207681518705e+00
3.718480799999964802e+04 -1.627173507052978696e+00
3.724528800000042247e+04 -1.271929552635139959e+00
3.730490399999969668e+04 -1.112775826446704919e+00
3.736538400000047841e+04 -5.795921598045994383e-01
3.742499999999975262e+04 5.095016905078515457e-01
3.748461600000026374e+04 8.265654868734775285e-01
3.754509599999981583e+04 8.986572445317460023e-01
3.760471200000031968e+04 9.286598368813647753e-01
3.766519199999987904e+04 9.556890590750968251e-01
3.772480800000037561e+04 1.011629574140547660e+00
3.784490400000043155e+04 1.008472957170878814e+00
3.790538399999998364e+04 9.423744805643106126e-01
3.796500000000049477e+04 7.211882686436812406e-01
3.802461599999976170e+04 4.939700803909881088e-01
3.808509600000055070e+04 1.387738159616640488e-01
3.814471199999982491e+04 -1.865094084357592497e-01
3.820519200000060664e+04 -4.837720681554442681e-01
3.826480799999988812e+04 -7.361211467548026688e-01
3.832528799999943294e+04 -9.904510250796211279e-01
3.838490399999994406e+04 -1.208866762855698607e+00
3.844538399999949615e+04 -1.314264669677344788e+00
3.850499999999999272e+04 -1.390747858224370415e+00
3.856461600000050385e+04 -1.263264819316909815e+00
3.862509600000005594e+04 -9.427660069378787089e-01
3.868471200000056706e+04 -5.953515776962876593e-01
3.874519200000011188e+04 -1.989227550538787970e-01
3.880480799999939336e+04 2.394223076511190484e-01
3.886528800000017509e+04 4.447803800052565482e-01
3.892490399999944930e+04 5.060553337480713232e-01
3.898538400000022375e+04 5.583419100735351748e-01
3.904499999999951251e+04 5.075460271836860215e-01
3.910461600000001636e+04 4.027147151666656821e-01
3.916509599999956845e+04 2.348929447423258043e-01
3.922471200000007229e+04 -4.201026455435519225e-02
3.928519199999962439e+04 -3.569053259630017294e-01
3.934480800000012823e+04 -6.588811220051814521e-01
3.940528799999968032e+04 -1.011850165852417494e+00
3.946490400000018417e+04 -1.339899222247245447e+00
3.952538399999974354e+04 -1.560942923736387433e+00
3.958500000000024738e+04 -1.615065897911584170e+00
3.964461599999952159e+04 -1.331225804172917471e+00
3.970509600000030332e+04 -9.293824485495685295e-01
3.976471199999957753e+04 -5.886172254445291019e-01
3.982519200000035926e+04 2.811498600205473153e-01
3.988480799999964074e+04 1.221839596867929423e+00
3.994528800000041520e+04 1.584529796370950372e+00
4.000490399999970396e+04 1.965143448653494662e+00
4.006538400000047841e+04 2.230756164125385688e+00
4.012499999999975262e+04 2.450293151182189710e+00
4.018461600000025646e+04 2.448791871280709298e+00
4.024509599999981583e+04 2.422287561771277797e+00
4.030471200000031240e+04 2.176708781422623140e+00
4.036519199999987177e+04 1.899125574454572529e+00
4.042480800000037561e+04 1.421468758498481311e+00
4.048528799999993498e+04 9.568061206546998321e-01
4.054490400000043155e+04 4.140707527413127753e-01
4.060538399999998364e+04 -1.806718301420793260e-01
4.066500000000049477e+04 -6.784862472163369906e-01
4.072461599999976897e+04 -1.019340083179253842e+00
4.078509600000054343e+04 -1.323203213664198907e+00
4.084471199999983219e+04 -1.629136806309527952e+00
4.090519200000060664e+04 -1.785081079134147153e+00
4.096480799999988812e+04 -1.727094876396348733e+00
4.102528799999943294e+04 -1.144120735718622495e+00
4.108490399999994406e+04 -9.652151652042697538e-01
4.114538399999949615e+04 -4.593230343875542854e-01
4.120500000000000000e+04 3.935014969638788163e-01
4.126461600000050385e+04 7.372856555797251410e-01
4.132509600000006321e+04 9.400543219510248960e-01
4.138471200000056706e+04 8.367568718004085859e-01
4.144519200000011188e+04 6.204425644302644649e-01
4.150480799999939336e+04 5.640631516497758291e-01
4.156528800000017509e+04 3.846655225892026131e-01
4.162490399999944930e+04 2.732038151702589346e-01
4.168538400000023103e+04 1.877225388138066275e-01
4.180461600000002363e+04 -1.364071981358052632e-01
4.186509599999956845e+04 -3.150142032359191102e-01
4.192471200000007229e+04 -5.656826541832078448e-01
4.198519199999962439e+04 -7.823740196620470044e-01
4.204480800000012823e+04 -6.631257494129506602e-01
4.210528799999968032e+04 -3.649017200563156038e-01
4.216490400000017689e+04 8.726304182895860961e-02
4.222538399999974354e+04 7.194022451176369515e-01
4.228500000000025466e+04 8.824832927872359178e-01
4.234461599999952159e+04 7.585227154413205497e-01
4.240509600000030332e+04 5.085346249690396725e-01
4.246471199999957753e+04 1.364900703772933266e-01
4.252519200000035926e+04 -3.185832911880399632e-01
4.258480799999964074e+04 -7.457119682428243745e-01
4.264528800000042247e+04 -1.093870735652280768e+00
4.270490399999969668e+04 -1.352083655523624417e+00
4.276538400000048568e+04 -1.544327938139019363e+00
4.282499999999975262e+04 -1.738625195991692296e+00
4.288461600000025646e+04 -1.764964346934043249e+00
4.294509599999981583e+04 -1.751336742945101221e+00
4.300471200000031968e+04 -1.651760326525353983e+00
4.306519199999987177e+04 -1.415218397809321793e+00
4.312480800000036834e+04 -1.219726444912161201e+00
4.318528799999992771e+04 -1.027270209499995257e+00
4.324490400000043155e+04 -7.338627247097614381e-01
4.330538399999998364e+04 -4.014921737933945245e-01
4.336500000000049477e+04 -2.771691350846143820e-01
4.342461599999976897e+04 1.411200083343144840e-02
4.348509600000055070e+04 4.683544088625744006e-01
4.354471199999982491e+04 8.705511820232394449e-01
4.360519200000059936e+04 1.212708046704428888e+00
4.366480799999988812e+04 1.542820546883224786e+00
4.372528799999942567e+04 1.618891973284430907e+00
4.378490399999994406e+04 1.729920317912128080e+00
4.384538399999950343e+04 1.988906439303670393e+00
4.390500000000000000e+04 2.201850773753273316e+00
4.396461600000050385e+04 2.350753468013594194e+00
4.402509600000005594e+04 2.296612249763764435e+00
4.408471200000057433e+04 2.211431204183421873e+00
4.414519200000011915e+04 1.878205138570912869e+00
4.420480799999938608e+04 1.399940569490237596e+00
4.426528800000017509e+04 7.746298906150355101e-01
4.432490399999944930e+04 2.402820432701091580e-01
4.438538400000023103e+04 -2.921129853220658656e-01
4.444499999999950523e+04 -7.045438365427080241e-01
4.450461600000001636e+04 -1.047015780138299990e+00
4.456509599999956845e+04 -1.322536472910534222e+00
4.468519199999963166e+04 -1.766695209203664074e+00
4.474480800000013551e+04 -1.768331881145622120e+00
4.480528799999968032e+04 -1.768019328729260931e+00
4.486490400000018417e+04 -1.764737812511282478e+00
4.492538399999974354e+04 -1.688508054278817339e+00
4.498500000000024738e+04 -1.200307941481639551e+00
4.504461599999952887e+04 -1.105148076495332310e+00
4.510509600000031060e+04 -1.460413994896831991e-01
4.516471199999957753e+04 5.100377300964986649e-01
4.522519200000035926e+04 8.950627435898343975e-01
4.528480799999964074e+04 1.212061622474408740e+00
4.534528800000042247e+04 1.470005479820477134e+00
4.540490399999968940e+04 1.614924623582337126e+00
4.546538400000047113e+04 1.728787863561003668e+00
4.552499999999975262e+04 1.719627818827698107e+00
4.558461600000025646e+04 1.658428677358481540e+00
4.564509599999981583e+04 1.494172356401651136e+00
4.570471200000031968e+04 1.326894902741064808e+00
4.576519199999986449e+04 1.081559447573513744e+00
4.582480800000036834e+04 9.202043065106808584e-01
4.588528799999992771e+04 6.827903669581409929e-01
4.594490400000043155e+04 4.243581948176795571e-01
4.600538399999999092e+04 1.148664527549982939e-01
4.606500000000049477e+04 -3.566420624951156526e-01
4.612461599999977625e+04 -7.901882093615237856e-01
4.618509600000054343e+04 -1.184795031697835510e+00
4.624471199999982491e+04 -1.517416432895124290e+00
4.630519200000060664e+04 -1.775099215010349063e+00
4.636480799999988812e+04 -1.798795103205617307e+00
4.642528799999943294e+04 -1.800553050471612293e+00
4.648490399999993679e+04 -1.802322626434341712e+00
4.654538399999949615e+04 -1.749154911843139093e+00
4.660500000000000000e+04 -1.228997344410146964e+00
4.666461600000050385e+04 -5.988756246291820906e-01
4.672509600000006321e+04 1.518246539390055716e-02
4.678471200000056706e+04 8.622326320013904422e-01
4.684519200000011188e+04 1.294218589866519498e+00
4.690480799999939336e+04 1.556198114213221739e+00
4.696528800000017509e+04 1.704112880225300053e+00
4.702490399999945657e+04 1.753022705132276648e+00
4.708538400000022375e+04 1.597867251943611233e+00
4.714499999999950523e+04 1.367708352088706114e+00
4.720461600000000908e+04 8.625157088952564166e-01
4.726509599999956845e+04 3.102570664805117673e-01
4.732471200000007229e+04 -5.400278362652777275e-02
4.738519199999963166e+04 -5.063290764066283867e-01
4.744480800000013551e+04 -8.396550795889734520e-01
4.750528799999968032e+04 -1.013047937625199069e+00
4.756490400000018417e+04 -1.131439008541036850e+00
4.762538399999974354e+04 -1.092897314838854994e+00
4.768500000000024738e+04 -9.473523367964439279e-01
4.774461599999952887e+04 -4.618386798438026686e-01
4.780509600000031060e+04 1.476072322195545183e-01
4.792519200000035926e+04 1.412442057572004916e+00
4.798480799999964074e+04 1.721832464922315786e+00
4.804528800000042247e+04 1.811154560365074051e+00
4.810490399999968940e+04 1.829485164704390154e+00
4.816538400000047113e+04 1.674747223235953264e+00
4.822499999999975262e+04 1.242019279634794859e+00
4.828461600000025646e+04 7.482627481087575916e-01
4.834509599999981583e+04 1.734373833598656933e-01
4.840471200000031968e+04 -3.883757620095926733e-01
4.846519199999986449e+04 -8.712578904555697834e-01
4.852480800000036834e+04 -1.313126320235912026e+00
4.858528799999992771e+04 -1.658063848840387156e+00
4.864490400000043155e+04 -1.877986204443173435e+00
4.870538399999999092e+04 -1.897977740292477566e+00
4.876500000000049477e+04 -1.901952634382388929e+00
4.882461599999977625e+04 -1.903953084693043696e+00
4.888509600000054343e+04 -1.626022772556140028e+00
4.894471199999982491e+04 -6.180736326189661956e-01
4.900519200000060664e+04 6.180627483969125535e-02
4.906480799999988812e+04 6.747064621202594203e-01
4.912528799999943294e+04 1.290537456904071067e+00
4.918490399999993679e+04 1.612390175673936721e+00
4.924538399999949615e+04 1.531173776946355591e+00
4.936461600000050385e+04 1.222765054188068135e+00
4.942509600000006321e+04 9.104806308499244771e-01
4.948471200000056706e+04 6.372214979782144795e-01
4.954519200000011188e+04 4.018935881322216463e-01
4.960480799999939336e+04 1.385923800658144245e-01
4.966528800000017509e+04 -1.747774070789733791e-01
4.972490399999945657e+04 -4.991190921084276422e-01
4.978538400000022375e+04 -7.455291231612153346e-01
4.984499999999950523e+04 -7.759096634631428291e-01
4.990461600000000908e+04 -8.333088822843119914e-01
4.996509599999956845e+04 -7.257760328399303074e-01
5.002471200000007229e+04 -5.082116381392356441e-01
5.008519199999963166e+04 -3.587148546545659844e-01
5.014480800000013551e+04 -6.818516970895771578e-02
5.020528799999968032e+04 2.132772593611864664e-01
5.026490400000018417e+04 3.687739317877369860e-01
5.032538399999974354e+04 5.172037383249943332e-01
5.038500000000024738e+04 6.396691150355029443e-01
5.044461599999952887e+04 7.131195998794397362e-01
5.050509600000031060e+04 8.195038666441898378e-01
5.056471199999957753e+04 8.589256591708451793e-01
5.062519200000035926e+04 8.882817090713581720e-01
5.068480799999964074e+04 8.796765704834998978e-01
5.074528800000042247e+04 8.780061984430806987e-01
5.080490399999968940e+04 7.053759058150492756e-01
5.086538400000047113e+04 5.286809222702362199e-01
5.092499999999975262e+04 1.540272673746967413e-01
5.098461600000025646e+04 -1.516373149240188845e-01
5.104509599999981583e+04 -5.283657148618134958e-01
5.110471200000031968e+04 -8.390509534475121267e-01
5.116519199999986449e+04 -1.186799385708430687e+00
5.122480800000036834e+04 -1.441503457593713122e+00
5.128528799999992771e+04 -1.582270067439194516e+00
5.134490400000043155e+04 -1.576991139475552473e+00
5.140538399999999092e+04 -1.556774062575430939e+00
5.146500000000049477e+04 -1.325510292881221242e+00
5.152461599999977625e+04 -1.168253361404778090e+00
5.158509600000054343e+04 -9.440571962417895202e-01
5.164471199999982491e+04 -6.628126537828735731e-01
5.170519200000060664e+04 -4.946281157231404713e-01
5.176480799999988812e+04 -2.173941052302446053e-01
5.182528799999943294e+04 3.878069155488650388e-02
5.188490399999993679e+04 1.940060303878408110e-01
5.194538399999949615e+04 3.261729741686876238e-01
5.200500000000000000e+04 4.213915031904793551e-01
5.206461600000050385e+04 3.866073433082894972e-01
5.212509600000006321e+04 3.187660637306461986e-01
5.218471200000056706e+04 2.909778791018104993e-01
5.224519200000011188e+04 1.801334593065178069e-01
5.230480799999939336e+04 8.134310771370034665e-02
5.236528800000017509e+04 -4.250256986868117259e-02
5.242490399999945657e+04 -1.892932356271539440e-01
5.248538400000022375e+04 -3.331382946416237001e-01
5.254499999999950523e+04 -4.319274287794954148e-01
5.260461600000000908e+04 -5.507151198074751175e-01
5.266509599999956845e+04 -6.805557668878461364e-01
5.272471200000007229e+04 -6.793391819507539342e-01
5.278519199999963166e+04 -6.901745667334979739e-01
5.284480800000013551e+04 -6.089518868940648755e-01
5.290528799999968032e+04 -3.727801712422982305e-01
5.296490400000018417e+04 1.074504077349101028e-01
5.302538399999974354e+04 6.856310458473626746e-01
5.308500000000024738e+04 1.275871311118121021e+00
5.314461599999952887e+04 1.684117042518211704e+00
5.320509600000031060e+04 1.891314394332690885e+00
5.326471199999957753e+04 1.972572449050837839e+00
5.332519200000035926e+04 1.895783185267143622e+00
5.338480799999964074e+04 1.584055296898892351e+00
5.344528800000042247e+04 1.177281163364678473e+00
5.350490399999968940e+04 7.595690394502936371e-01
5.356538400000047113e+04 5.168117541896739553e-01
5.368461600000025646e+04 -7.256833463056366895e-02
5.374509599999981583e+04 -4.062972667047821673e-01
5.380471200000031968e+04 -8.359627796372269826e-01
5.386519199999986449e+04 -1.223670714856982311e+00
5.392480800000036834e+04 -1.619314738528412789e+00
5.398528799999992771e+04 -1.844000079170932338e+00
5.404490400000043155e+04 -1.893621058680877267e+00
5.410538399999999092e+04 -1.782282248409163827e+00
5.416500000000049477e+04 -1.338878671258616038e+00
5.422461599999977625e+04 -7.264623563453178612e-01
5.428509600000054343e+04 -2.808459778789140771e-02
5.434471199999982491e+04 4.323584507080902029e-01
5.440519200000060664e+04 6.257640430629693995e-01
5.446480799999988812e+04 7.262352172118342608e-01
5.452528799999943294e+04 8.206700284950381175e-01
5.458490399999993679e+04 8.071706660146484857e-01
5.464538399999949615e+04 8.556360243763450057e-01
5.470500000000000000e+04 7.951674049769108521e-01
5.476461600000050385e+04 7.137145028854057216e-01
5.482509600000006321e+04 6.132279194413912116e-01
5.488471200000056706e+04 4.228075588182567124e-01
5.494519200000011188e+04 2.193545644798309269e-01
5.500480799999939336e+04 -4.003213645234882101e-02
5.506528800000017509e+04 -3.114504430893263454e-01
5.512490399999945657e+04 -5.598024377740218327e-01
5.518538400000022375e+04 -8.651850329163761621e-01
5.524499999999950523e+04 -1.069501350629155745e+00
5.530461600000000908e+04 -1.187799622245833131e+00
5.536509599999956845e+04 -1.255127039708578085e+00
5.542471200000007229e+04 -1.043388332762096748e+00
5.548519199999963166e+04 -6.766778377296627234e-01
5.554480800000013551e+04 -1.259013897755203448e-01
5.560528799999968032e+04 4.518477454956100203e-01
5.566490400000018417e+04 8.066626055452237321e-01
5.572538399999974354e+04 1.075451013738032202e+00
5.578500000000024738e+04 1.200304860890346825e+00
5.584461599999952887e+04 1.318178243913020964e+00
5.590509600000031060e+04 1.390026383096240714e+00
5.596471199999957753e+04 1.352939423600024504e+00
5.602519200000035926e+04 1.186827968165474312e+00
5.608480799999964074e+04 8.967809798249830600e-01
5.620490399999968940e+04 1.057033738641668386e-01
5.626538400000047113e+04 -3.363266050529520879e-01
5.632499999999975262e+04 -7.772931699522360738e-01
5.638461600000025646e+04 -1.224239761655406600e+00
5.644509599999981583e+04 -1.616208675193902433e+00
5.650471200000031968e+04 -1.885115127515520461e+00
5.656519199999986449e+04 -2.032043424574522916e+00
5.662480800000036834e+04 -2.001909977657880368e+00
5.668528799999992771e+04 -1.753797971491682484e+00
5.674490400000043155e+04 -1.565625004227247263e+00
5.680538399999999092e+04 -1.026473151868025457e+00
5.686500000000049477e+04 -6.642611878850039897e-01
5.692461599999977625e+04 -5.980301066887534489e-01
5.698509600000054343e+04 -3.688198101113240313e-01
5.704471199999982491e+04 -2.795507995227555220e-01
5.710519200000060664e+04 -2.130246582256978272e-02
5.716480799999988812e+04 2.240035620380669279e-01
5.722528799999943294e+04 5.482889236905825747e-01
5.728490399999993679e+04 7.586308897837201748e-01
5.734538399999949615e+04 1.016952097498155849e+00
5.740500000000000000e+04 1.169328749157258596e+00
5.746461600000050385e+04 1.213722098064744515e+00
5.752509600000006321e+04 1.333094345490214661e+00
5.758471200000056706e+04 1.260520166155083999e+00
5.764519200000011188e+04 1.214924509896853078e+00
5.770480799999939336e+04 1.132381085834014200e+00
5.776528800000017509e+04 1.015815684820816855e+00
5.782490399999945657e+04 8.803011011309127554e-01
5.788538400000022375e+04 7.297639092285685969e-01
5.800461600000000908e+04 3.478005912908432862e-01
5.806509599999956845e+04 2.363013245467024959e-01
5.812471200000007229e+04 1.578490154210019369e-01
5.818519199999963166e+04 1.673719041641037464e-01
5.824480800000013551e+04 2.679400710873074409e-01
5.830528799999968032e+04 2.474822905886084889e-01
5.836490400000018417e+04 3.090680314072558055e-01
5.842538399999974354e+04 2.966265158529135526e-01
5.848500000000024738e+04 1.802266865879289526e-01
5.854461599999952887e+04 7.832775637178990280e-03
5.860509600000031060e+04 -2.775906731310768816e-01
5.866471199999957753e+04 -6.329753291024831086e-01
5.872519200000035926e+04 -1.014391274932929132e+00
5.878480799999964074e+04 -1.381770461199267608e+00
5.884528800000042247e+04 -1.696182881284023836e+00
5.890490399999968940e+04 -1.833560655596172317e+00
5.896538400000047113e+04 -1.658973808206150924e+00
5.902499999999975262e+04 -1.385354510016959306e+00
5.908461600000025646e+04 -6.787383663667778677e-01
